0.000000000000000000e+00 7.965633027837124125e+00
1.010101010101010083e-01 8.057452010458645120e+00
2.020202020202020166e-01 8.274770238484414620e+00
3.030303030303030387e-01 8.252425626235117662e+00
4.040404040404040331e-01 8.420791544570027654e+00
5.050505050505050830e-01 8.492624110375718516e+00
6.060606060606060774e-01 8.473175880774347135e+00
7.070707070707070718e-01 8.552686609222760694e+00
8.080808080808080662e-01 8.668510045450956270e+00
9.090909090909090606e-01 8.756994939190214211e+00
1.010101010101010166e+00 8.799097385344518685e+00
1.111111111111111160e+00 8.841271977958248485e+00
1.212121212121212155e+00 8.831174947774158568e+00
1.313131313131313149e+00 8.965538181817766628e+00
1.414141414141414144e+00 9.021900619354491724e+00
1.515151515151515138e+00 8.955664833954996240e+00
1.616161616161616132e+00 9.114058194258729984e+00
1.717171717171717127e+00 9.174628774616760296e+00
1.818181818181818121e+00 9.214032668432102113e+00
1.919191919191919116e+00 9.246394627561137725e+00
2.020202020202020332e+00 9.336560485373352591e+00
2.121212121212121104e+00 9.243486515189484720e+00
2.222222222222222321e+00 9.292840732580302188e+00
2.323232323232323093e+00 9.360585776755661058e+00
2.424242424242424310e+00 9.349582261596722788e+00
2.525252525252525082e+00 9.427780256918358859e+00
2.626262626262626299e+00 9.431155657310412721e+00
2.727272727272727071e+00 9.439085368084397132e+00
2.828282828282828287e+00 9.370736833300892243e+00
2.929292929292929060e+00 9.497963223819455791e+00
3.030303030303030276e+00 9.545160386070252301e+00
3.131313131313131048e+00 9.667130324613797399e+00
3.232323232323232265e+00 9.570908250815143958e+00
3.333333333333333481e+00 9.622477487620791692e+00
3.434343434343434254e+00 9.697518572905687861e+00
3.535353535353535470e+00 9.665623719775563671e+00
3.636363636363636243e+00 9.779944677413919152e+00
3.737373737373737459e+00 9.627869680252178597e+00
3.838383838383838231e+00 9.670407871411109468e+00
3.939393939393939448e+00 9.720032310819131993e+00
4.040404040404040664e+00 9.725601483822275739e+00
4.141414141414140992e+00 9.691853528887852676e+00
4.242424242424242209e+00 9.725313796740753247e+00
4.343434343434343425e+00 9.877390783114545769e+00
4.444444444444444642e+00 9.783136173617961617e+00
4.545454545454544970e+00 9.814388896241286631e+00
4.646464646464646187e+00 9.818268945301760198e+00
4.747474747474747403e+00 9.716243263775625749e+00
4.848484848484848619e+00 9.842211196843772214e+00
4.949494949494949836e+00 9.843163563142859118e+00
5.050505050505050164e+00 9.780575263675556741e+00
5.151515151515151381e+00 9.814480116165787749e+00
5.252525252525252597e+00 9.945191642777334806e+00
5.353535353535353813e+00 9.895619655965820272e+00
5.454545454545454142e+00 9.925395773447469594e+00
5.555555555555555358e+00 9.818931644118720214e+00
5.656565656565656575e+00 9.940993934840046009e+00
5.757575757575757791e+00 9.922657425689122235e+00
5.858585858585858119e+00 9.915905205201884343e+00
5.959595959595959336e+00 9.894319462944203281e+00
6.060606060606060552e+00 9.848604574563911029e+00
6.161616161616161769e+00 9.930191578626553550e+00
6.262626262626262097e+00 9.994814568785619358e+00
6.363636363636363313e+00 9.939377743276638810e+00
6.464646464646464530e+00 9.881732756325870781e+00
6.565656565656565746e+00 9.916298882912455426e+00
6.666666666666666963e+00 1.004462612290441115e+01
6.767676767676767291e+00 9.915735735808828721e+00
6.868686868686868507e+00 9.923564000960311660e+00
6.969696969696969724e+00 9.927847435513019292e+00
7.070707070707070940e+00 9.991074447202402453e+00
7.171717171717171269e+00 1.003492025166832491e+01
7.272727272727272485e+00 9.919088350807802712e+00
7.373737373737373701e+00 9.977076185712746792e+00
7.474747474747474918e+00 9.979510789753222255e+00
7.575757575757575246e+00 9.965069732264288049e+00
7.676767676767676463e+00 9.945379587783300224e+00
7.777777777777777679e+00 9.973189809421226570e+00
7.878787878787878896e+00 9.908736293222784042e+00
7.979797979797979224e+00 9.921129555137015998e+00
8.080808080808081328e+00 9.965641704337910411e+00
8.181818181818181657e+00 9.908827663738229319e+00
8.282828282828281985e+00 1.003819986161072286e+01
8.383838383838384090e+00 9.957374939105745781e+00
8.484848484848484418e+00 9.838226106447281794e+00
8.585858585858586522e+00 9.973532099879369284e+00
8.686868686868686851e+00 9.968190428588435736e+00
8.787878787878787179e+00 1.003136801247548249e+01
8.888888888888889284e+00 9.958906910071785745e+00
8.989898989898989612e+00 9.925033572403796356e+00
9.090909090909089940e+00 9.883472054338982460e+00
9.191919191919192045e+00 9.962471021241896096e+00
9.292929292929292373e+00 9.995670718545065725e+00
9.393939393939394478e+00 9.882122006388977198e+00
9.494949494949494806e+00 1.004215345890777655e+01
9.595959595959595134e+00 9.933338786454648073e+00
9.696969696969697239e+00 1.004957913561945304e+01
9.797979797979797567e+00 9.943872631004159857e+00
9.898989898989899672e+00 9.991429743497441507e+00
1.000000000000000000e+01 9.964055854047662919e+00
