0.000000000000000000e+00 -3.343669721628755642e+00
1.010101010101010083e-01 -2.986161180013884753e+00
2.020202020202020166e-01 -1.379346673500525755e+00
3.030303030303030387e-01 -2.168898935560818142e+00
4.040404040404040331e-01 -1.046190660921540339e+00
5.050505050505050830e-01 -8.796626003830519958e-01
6.060606060606060774e-01 -1.613550493913336936e+00
7.070707070707070718e-01 -1.342861026645187916e+00
8.080808080808080662e-01 -6.920042019593880545e-01
9.090909090909090606e-01 -2.958981387835840637e-01
1.010101010101010166e+00 -3.437728608606031577e-01
1.111111111111111160e+00 -3.701966388729138746e-01
1.212121212121212155e+00 -8.979916211805278881e-01
1.313131313131313149e+00 4.055153330789028343e-02
1.414141414141414144e+00 2.210260816946847950e-01
1.515151515151515138e+00 -8.024922595641308387e-01
1.616161616161616132e+00 4.421940955373144244e-01
1.717171717171717127e+00 7.303872988960405932e-01
1.818181818181818121e+00 8.283871862058344027e-01
1.919191919191919116e+00 8.771145711895399488e-01
2.020202020202020332e+00 1.524649739287721850e+00
2.121212121212121104e+00 3.601380416282304875e-01
2.222222222222222321e+00 6.398130031539420726e-01
2.323232323232323093e+00 1.122833579393872183e+00
2.424242424242424310e+00 8.373247093493895177e-01
2.525252525252525082e+00 1.462297977748068245e+00
2.626262626262626299e+00 1.357020137859733522e+00
2.727272727272727071e+00 1.314768942371964622e+00
2.828282828282828287e+00 5.267316624384315027e-01
2.929292929292929060e+00 1.710959585905683422e+00
3.030303030303030276e+00 2.110939597187593719e+00
3.131313131313131048e+00 3.274230651102003620e+00
3.232323232323232265e+00 2.270735533722139543e+00
3.333333333333333481e+00 2.759850869739674195e+00
3.434343434343434254e+00 3.497958851899947597e+00
3.535353535353535470e+00 3.180572319766232336e+00
3.636363636363636243e+00 4.338813660695467256e+00
3.737373737373737459e+00 2.846184442303121287e+00
3.838383838383838231e+00 3.312409662680221523e+00
3.939393939393939448e+00 3.861867745167500754e+00
4.040404040404040664e+00 3.982805455129092564e+00
4.141414141414140992e+00 3.722279941086583221e+00
4.242424242424242209e+00 4.145234037413935368e+00
4.343434343434343425e+00 5.765455262066187636e+00
4.444444444444444642e+00 4.933175904151786639e+00
4.545454545454544970e+00 5.366513164821493653e+00
4.646464646464646187e+00 5.536406996347443155e+00
4.747474747474747403e+00 4.657278514604323405e+00
4.848484848484848619e+00 6.067884117981289016e+00
4.949494949494949836e+00 6.237905781571088326e+00
5.050505050505050164e+00 5.781876729395024839e+00
5.151515151515151381e+00 6.299929365144576465e+00
5.252525252525252597e+00 7.795002742738135204e+00
5.353535353535353813e+00 7.496008026077818798e+00
5.454545454545454142e+00 7.999083249162751486e+00
5.555555555555555358e+00 7.148175195916312674e+00
5.656565656565656575e+00 8.590788899620902086e+00
5.757575757575757791e+00 8.637518238557010619e+00
5.858585858585858119e+00 8.808047543397485413e+00
5.959595959595959336e+00 8.838059190001157361e+00
6.060606060606060552e+00 8.634464129195922766e+00
6.161616161616161769e+00 9.711446346577476518e+00
6.262626262626262097e+00 1.062622648773954381e+01
6.363636363636363313e+00 1.034773206867193807e+01
6.464646464646464530e+00 1.005437071702143470e+01
6.565656565656565746e+00 1.069023155835064998e+01
6.666666666666666963e+00 1.227071600731098044e+01
6.767676767676767291e+00 1.128594287582181899e+01
6.868686868686868507e+00 1.167518574616611104e+01
6.969696969696969724e+00 1.203572493231311924e+01
7.070707070707070940e+00 1.299236379877909009e+01
7.171717171717171269e+00 1.376177773458772435e+01
7.272727272727272485e+00 1.294092874665786219e+01
7.373737373737373701e+00 1.386472180781827035e+01
7.474747474747474918e+00 1.423936121470494953e+01
7.575757575757575246e+00 1.445155985977794799e+01
7.676767676767676463e+00 1.461752376658879804e+01
7.777777777777777679e+00 1.526469067380543088e+01
7.878787878787878896e+00 1.499536553622207791e+01
7.979797979797979224e+00 1.550060215865990010e+01
8.080808080808081328e+00 1.633307279985292126e+01
8.181818181818181657e+00 1.615828025446063165e+01
8.282828282828281985e+00 1.785130465206815131e+01
8.383838383838384090e+00 1.744827042079428026e+01
8.484848484848484418e+00 1.666786974306723579e+01
8.585858585858586522e+00 1.843785202403909906e+01
8.686868686868686851e+00 1.880715626465387302e+01
8.787878787878787179e+00 1.986741734787961278e+01
8.888888888888889284e+00 1.957702323082100904e+01
8.989898989898989612e+00 1.967820740055891093e+01
9.090909090909089940e+00 1.970818090883330953e+01
9.191919191919192045e+00 2.094940236366950614e+01
9.292929292929292373e+00 2.173824755381042451e+01
9.393939393939394478e+00 2.106519972732174750e+01
9.494949494949494806e+00 2.313352051996885095e+01
9.595959595959595134e+00 2.251892411614524292e+01
9.696969696969697239e+00 2.416040019072596579e+01
9.797979797979797567e+00 2.358790927135579096e+01
9.898989898989899672e+00 2.455353636844765219e+01
1.000000000000000000e+01 2.477531656275137806e+01
